N=6
W=4
ui={12,7,4,6,8,30}
wi={0.2,2,0.8,1,1,3}
sol=46 objets 0,2 et 5 à choisir

N=17
W=75
ui={4,18,17,18,4,16,13,18,15,10,14,12,11,7,2,7,7}
wi={19,19,7,9,14,12,12,3,16,12,18,16,18,20,5,19,15}
sol=110 objets 7 2 3 5 6 1 9 à choisir

N=17
W=75
ui={16,1,5,20,6,14,14,13,14,5,1,3,1,14,13,15,1}
wi={1,16,2,10,5,12,14,15,17,11,3,11,5,3,3,5,11}


N=30
W=148
ui={6,11,9,15,18,18,17,12,17,1,12,15,10,9,16,8,8,1,20,19,18,11,3,5,5,12,5,5,13,20}
wi={14,17,4,2,1,5,1,12,7,4,8,4,7,5,6,9,5,10,1,5,17,10,12,7,1,5,7,18,15,19}
